[1704050972] ITEM_REMOVE | 356, (654, 3, 956, 1, 655, 1, 634, 3, 104, 2)
[1704056223] ITEM_ADD | 641, (18, 8, 751, 5, 444, 5)
[1704056458] ITEM_ADD | 949, (627, 10)
[1704057489] ITEM_ADD | 944, (52, 4, 162, 5, 755, 6)
[1704057825] ITEM_ADD | 467, (216, 3, 374, 8, 646, 2)
[1704060077] ITEM_ADD | 136, (320, 10, 440, 3)
[1704062295] ITEM_ADD | 17, (411, 5)
[1704063517] ITEM_REMOVE | 652, (901, 1, 583, 1, 91, 2, 654, 3)
[1704064819] ITEM_ADD | 723, (202, 7, 911, 2, 400, 3, 848, 5)
[1704066682] ITEM_ADD | 940, (134, 10, 165, 4, 150, 4, 955, 7)
[1704068564] ITEM_ADD | 352, (248, 3, 48, 2, 267, 6)
[1704069260] ITEM_REMOVE | 216, (705, 2, 272, 1, 128, 1)
[1704070834] ITEM_ADD | 781, (708, 8, 513, 3)
[1704070949] ITEM_ADD | 777, (799, 3, 610, 9, 875, 10, 704, 3, 860, 1)
[1704073931] ITEM_ADD | 565, (43, 7, 131, 3, 894, 2, 997, 8)
[1704078181] ITEM_ADD | 725, (514, 8, 373, 4)
[1704086141] ITEM_ADD | 952, (743, 7, 604, 3, 38, 1, 894, 2)
[1704086727] ITEM_REMOVE | 937, (372, 2, 142, 1)
[1704089461] ITEM_REMOVE | 483, (728, 3)
[1704090593] ITEM_REMOVE | 681, (82, 2)
[1704092596] ITEM_REMOVE | 896, (82, 1, 259, 1, 885, 3)
[1704098223] ITEM_REMOVE | 254, (99, 2, 561, 1, 726, 2, 207, 1)
[1704099388] ITEM_REMOVE | 117, (259, 3, 929, 1)
[1704100677] ITEM_ADD | 225, (78, 7, 148, 1, 423, 6, 966, 1)
[1704100867] ITEM_ADD | 955, (769, 3, 33, 2, 903, 3)
[1704103429] ITEM_REMOVE | 134, (16, 3, 46, 1, 784, 2, 486, 3)
[1704109570] ITEM_REMOVE | 850, (354, 2)
[1704117652] ITEM_REMOVE | 615, (984, 1)
[1704120135] ITEM_REMOVE | 234, (835, 3, 376, 3, 138, 2)
[1704120514] ITEM_REMOVE | 792, (936, 3, 676, 3, 317, 3)
[1704130869] ITEM_REMOVE | 227, (928, 1)
[1704131670] ITEM_ADD | 262, (511, 1)
[1704132334] ITEM_ADD | 779, (563, 8, 921, 4, 671, 3)
[1704136363] ITEM_REMOVE | 81, (32, 1, 68, 2, 246, 1)
[1704137105] ITEM_REMOVE | 510, (46, 1, 305, 2, 642, 2, 777, 1)
[1704140823] ITEM_REMOVE | 599, (821, 1, 252, 1)
[1704141791] ITEM_ADD | 919, (39, 6, 957, 9, 828, 5, 899, 7)
[1704142859] ITEM_REMOVE | 727, (489, 3, 903, 2)
[1704150006] ITEM_ADD | 634, (660, 4)
[1704163160] ITEM_ADD | 776, (744, 2, 952, 5, 88, 9, 984, 10)
[1704165874] ITEM_ADD | 706, (659, 6)
[1704168901] ITEM_ADD | 61, (452, 1)
[1704169034] ITEM_REMOVE | 47, (114, 1, 41, 3, 670, 1, 228, 2)
[1704179725] ITEM_ADD | 16, (824, 4, 298, 5, 622, 8)
[1704182046] ITEM_REMOVE | 291, (450, 1, 395, 2, 264, 1, 317, 2)
[1704183133] ITEM_ADD | 811, (696, 6, 74, 10, 234, 10, 534, 8, 426, 9)
[1704184683] ITEM_REMOVE | 529, (861, 2, 184, 1, 794, 1)
[1704185248] ITEM_ADD | 97, (990, 8, 936, 4)
[1704185736] ITEM_ADD | 514, (185, 10, 730, 1)
[1704186980] ITEM_ADD | 776, (836, 1)
[1704190211] ITEM_REMOVE | 537, (698, 2, 95, 1, 750, 3, 76, 3)
[1704191626] ITEM_ADD | 797, (584, 3, 795, 7, 266, 5, 278, 7, 741, 2)
[1704192742] ITEM_REMOVE | 848, (536, 2, 763, 3, 171, 1, 556, 2, 111, 2)
[1704193262] ITEM_ADD | 310, (924, 10)
[1704194488] ITEM_REMOVE | 196, (147, 2)
[1704196785] ITEM_REMOVE | 555, (455, 3, 61, 1, 723, 3)
[1704196797] ITEM_ADD | 883, (604, 5, 370, 4, 747, 10)
[1704198524] ITEM_REMOVE | 566, (955, 3, 169, 1, 218, 2, 249, 2, 330, 3)
[1704198802] ITEM_REMOVE | 478, (748, 3, 889, 3, 629, 3)
[1704202565] ITEM_ADD | 253, (237, 9, 287, 4, 412, 4, 621, 1)
[1704205839] ITEM_REMOVE | 411, (75, 3, 829, 1)
[1704210108] ITEM_ADD | 19, (794, 3, 477, 5, 532, 10, 953, 5, 61, 10)
[1704210182] ITEM_ADD | 893, (10, 8, 696, 10, 235, 9, 598, 10, 947, 5)
[1704211157] ITEM_ADD | 507, (345, 3, 936, 1)
[1704211662] ITEM_ADD | 291, (79, 9)
[1704217325] ITEM_REMOVE | 211, (862, 3)
[1704227431] ITEM_REMOVE | 674, (935, 2, 256, 3, 408, 1, 442, 3, 567, 3)
[1704230332] ITEM_ADD | 632, (459, 2, 459, 5)
[1704235975] ITEM_REMOVE | 424, (358, 2, 20, 1, 881, 1)
[1704250809] ITEM_ADD | 6, (663, 2, 235, 10, 476, 6, 610, 2)
[1704253130] ITEM_ADD | 166, (676, 10, 702, 10)
[1704253143] ITEM_REMOVE | 668, (444, 2, 364, 2)
[1704254919] ITEM_REMOVE | 88, (141, 1)
[1704256659] ITEM_REMOVE | 853, (773, 3, 936, 1)
[1704257587] ITEM_REMOVE | 388, (761, 2)
[1704258192] ITEM_ADD | 449, (68, 2, 567, 3, 789, 4)
[1704262273] ITEM_ADD | 337, (487, 6, 282, 3)
[1704262990] ITEM_REMOVE | 150, (976, 2, 505, 2, 799, 1, 506, 2, 616, 1)
[1704266442] ITEM_ADD | 279, (308, 3, 757, 7, 580, 9, 680, 2)
[1704267173] ITEM_REMOVE | 646, (182, 3)
[1704268192] ITEM_REMOVE | 947, (354, 3, 459, 2, 396, 1)
[1704272529] ITEM_ADD | 48, (294, 2, 621, 5, 985, 5, 349, 8, 763, 3)
[1704272726] ITEM_REMOVE | 828, (766, 2, 279, 3, 218, 3)
[1704273134] ITEM_ADD | 581, (390, 3, 109, 10, 631, 10)
[1704275519] ITEM_REMOVE | 520, (943, 1, 543, 3, 665, 3, 768, 1)
[1704277210] ITEM_ADD | 483, (403, 2, 705, 7, 441, 9, 906, 4, 477, 2)
[1704277232] ITEM_REMOVE | 706, (227, 3, 62, 2)
[1704278764] ITEM_ADD | 845, (595, 2, 464, 5, 622, 10, 768, 10, 624, 1)
[1704279348] ITEM_ADD | 93, (68, 10)
[1704282699] ITEM_REMOVE | 736, (365, 2)
[1704284039] ITEM_REMOVE | 140, (655, 2, 973, 2, 42, 3, 462, 1)
[1704285829] ITEM_REMOVE | 575, (919, 2, 836, 2, 418, 3)
[1704286350] ITEM_ADD | 224, (739, 3)
[1704287680] ITEM_ADD | 955, (339, 1, 957, 8, 589, 9, 940, 8, 705, 5)
[1704289230] ITEM_ADD | 55, (377, 4, 368, 1)
[1704296113] ITEM_REMOVE | 244, (338, 2, 907, 2)
[1704296186] ITEM_REMOVE | 325, (456, 3, 250, 1)
[1704300584] ITEM_REMOVE | 668, (993, 2, 470, 2, 598, 2, 942, 1)
[1704307871] ITEM_ADD | 866, (804, 3)
[1704316374] ITEM_REMOVE | 580, (411, 1, 135, 3, 963, 3, 862, 1)
[1704317983] ITEM_REMOVE | 518, (843, 1, 532, 3, 508, 2, 917, 1)
[1704318451] ITEM_REMOVE | 127, (818, 2, 998, 3, 820, 2, 527, 2)
[1704323273] ITEM_ADD | 74, (801, 10, 120, 3, 133, 5)
[1704323366] ITEM_REMOVE | 14, (223, 2, 66, 3, 532, 1, 930, 3, 10, 2)
[1704325645] ITEM_REMOVE | 68, (244, 3, 146, 1, 757, 3, 797, 2)
[1704325847] ITEM_ADD | 714, (109, 7, 255, 10, 326, 7, 725, 3, 397, 8)
[1704327244] ITEM_REMOVE | 819, (481, 2)
[1704331431] ITEM_ADD | 242, (485, 10, 972, 4, 902, 6, 275, 8)
[1704333454] ITEM_REMOVE | 950, (164, 2)
[1704336148] ITEM_REMOVE | 868, (36, 1, 70, 2)
[1704337291] ITEM_ADD | 339, (695, 9, 476, 1)
[1704339369] ITEM_ADD | 891, (21, 3, 293, 4, 501, 9)
[1704345742] ITEM_ADD | 616, (720, 9, 851, 10, 489, 10, 831, 4)
[1704346330] ITEM_REMOVE | 964, (496, 3, 70, 2)
[1704348263] ITEM_REMOVE | 874, (430, 2, 398, 3, 590, 2, 655, 1, 460, 3)
[1704348411] ITEM_ADD | 464, (819, 6, 584, 8, 673, 2)
[1704350040] ITEM_ADD | 302, (274, 1)
[1704352149] ITEM_ADD | 530, (59, 1, 612, 1)
[1704353091] ITEM_ADD | 745, (422, 8, 863, 2, 950, 10, 106, 10)
[1704353809] ITEM_REMOVE | 197, (865, 3)
[1704355126] ITEM_REMOVE | 169, (752, 1, 557, 3, 953, 2)
[1704363840] ITEM_ADD | 860, (251, 2, 60, 9, 377, 7)
[1704366690] ITEM_REMOVE | 305, (387, 3)
[1704367497] ITEM_REMOVE | 10, (534, 3, 457, 2, 691, 1, 348, 1)
[1704370637] ITEM_ADD | 339, (674, 1)
[1704380333] ITEM_REMOVE | 66, (546, 3)
[1704381089] ITEM_REMOVE | 829, (974, 1, 493, 3, 171, 2)
[1704382733] ITEM_ADD | 993, (190, 1, 17, 1, 946, 6)
[1704383407] ITEM_REMOVE | 99, (570, 3)
[1704384718] ITEM_REMOVE | 253, (211, 3, 370, 2, 155, 2, 271, 3, 660, 3)
[1704387147] ITEM_ADD | 24, (846, 2)
[1704394112] ITEM_ADD | 19, (497, 7, 239, 1, 306, 5)
[1704395381] ITEM_REMOVE | 905, (945, 1)
[1704395773] ITEM_REMOVE | 326, (126, 3, 404, 2, 457, 2)
[1704396176] ITEM_REMOVE | 559, (34, 2, 285, 2, 948, 2, 108, 2)
[1704398866] ITEM_REMOVE | 153, (117, 2, 665, 3, 490, 3, 509, 1)
[1704401615] ITEM_REMOVE | 508, (644, 1, 79, 3)
[1704401647] ITEM_REMOVE | 689, (636, 2, 83, 3, 276, 2)
[1704401913] ITEM_ADD | 675, (502, 10, 586, 1, 284, 4, 605, 2)
[1704402674] ITEM_ADD | 344, (134, 5, 671, 9, 973, 4)
[1704409490] ITEM_ADD | 741, (132, 3)
[1704409660] ITEM_REMOVE | 261, (497, 3, 229, 2, 203, 1, 961, 1, 846, 1)
[1704411144] ITEM_ADD | 64, (840, 10, 314, 6, 29, 4, 192, 3)
[1704413051] ITEM_ADD | 186, (298, 2)
[1704413182] ITEM_ADD | 351, (402, 8)
[1704414879] ITEM_REMOVE | 601, (1, 3, 388, 2)
[1704415252] ITEM_ADD | 508, (762, 5)
[1704416553] ITEM_ADD | 470, (517, 4, 303, 3, 505, 9, 235, 1, 919, 2)
[1704419464] ITEM_ADD | 285, (914, 6)
[1704424140] ITEM_ADD | 926, (293, 9, 936, 8, 414, 4, 689, 2)
[1704425864] ITEM_REMOVE | 520, (680, 2, 7, 1)
[1704429007] ITEM_REMOVE | 533, (131, 3, 135, 3, 847, 3, 895, 1)
[1704432739] ITEM_REMOVE | 921, (469, 2, 953, 3)
[1704435492] ITEM_ADD | 141, (528, 1, 793, 3, 72, 9, 657, 9, 691, 5)
[1704440228] ITEM_REMOVE | 716, (122, 2, 843, 2)
[1704445929] ITEM_REMOVE | 954, (224, 1, 71, 1)
[1704447048] ITEM_ADD | 159, (82, 3, 92, 5)
[1704447855] ITEM_REMOVE | 469, (971, 3, 827, 1, 404, 2, 471, 3, 544, 2)
[1704453534] ITEM_REMOVE | 376, (793, 3)
[1704454716] ITEM_ADD | 252, (138, 10, 86, 3)
[1704456060] ITEM_REMOVE | 405, (335, 1, 398, 3)
[1704457558] ITEM_ADD | 963, (454, 3, 873, 3, 639, 8, 276, 8, 960, 10)
[1704465966] ITEM_ADD | 544, (533, 2, 122, 5)
[1704476133] ITEM_ADD | 684, (193, 7, 437, 1, 764, 6)
[1704479332] ITEM_REMOVE | 739, (808, 1, 223, 1)
[1704482931] ITEM_REMOVE | 692, (555, 2, 698, 2, 199, 2)
[1704484388] ITEM_REMOVE | 404, (993, 1, 896, 1, 629, 1)
[1704484907] ITEM_ADD | 681, (729, 10, 41, 3)
[1704488936] ITEM_REMOVE | 422, (538, 1, 960, 2, 402, 2, 439, 2, 5, 3)
[1704492347] ITEM_REMOVE | 859, (269, 3, 149, 1, 758, 2)
[1704496168] ITEM_REMOVE | 459, (47, 3, 401, 1, 379, 2, 176, 2, 134, 1)
[1704497826] ITEM_ADD | 826, (113, 8, 735, 6)
[1704498895] ITEM_ADD | 173, (782, 5, 579, 9)
[1704506766] ITEM_ADD | 650, (966, 2)
[1704507016] ITEM_ADD | 981, (300, 2, 171, 6)
[1704508307] ITEM_REMOVE | 263, (526, 2, 740, 1, 90, 3)
[1704508436] ITEM_REMOVE | 662, (20, 2, 286, 1)
[1704509778] ITEM_REMOVE | 527, (848, 1)
[1704509996] ITEM_ADD | 793, (997, 2, 254, 2, 295, 7)
[1704513851] ITEM_ADD | 63, (663, 7, 413, 9, 432, 5, 473, 10, 368, 2)
[1704514185] ITEM_ADD | 736, (873, 4, 539, 1, 295, 3, 78, 4, 526, 5)
[1704516307] ITEM_ADD | 814, (880, 5, 500, 9, 354, 4, 511, 3)
[1704522251] ITEM_REMOVE | 543, (658, 2, 167, 1, 651, 3)
[1704523914] ITEM_ADD | 430, (481, 1, 615, 1, 294, 9)
[1704529129] ITEM_REMOVE | 791, (385, 1, 194, 3, 403, 1, 190, 2, 906, 3)
[1704532307] ITEM_REMOVE | 581, (278, 1, 942, 2, 411, 2)
[1704537146] ITEM_REMOVE | 152, (687, 2)
[1704537308] ITEM_ADD | 77, (627, 6, 384, 8, 312, 3, 113, 9)
[1704538858] ITEM_REMOVE | 915, (527, 2, 861, 1, 424, 1)
[1704540892] ITEM_REMOVE | 590, (429, 3, 12, 3, 748, 3, 440, 2)
[1704542171] ITEM_ADD | 336, (584, 3, 162, 3)
[1704542772] ITEM_REMOVE | 845, (74, 2, 312, 2)
[1704545217] ITEM_ADD | 146, (274, 9, 47, 8, 11, 7)
[1704554108] ITEM_REMOVE | 317, (12, 2, 159, 1, 245, 3, 963, 1, 370, 2)
[1704557205] ITEM_ADD | 944, (336, 6, 99, 8, 809, 10, 702, 5)
[1704561892] ITEM_REMOVE | 827, (995, 2, 925, 2, 583, 3)
[1704562778] ITEM_REMOVE | 835, (414, 3, 660, 2, 810, 3)
[1704565361] ITEM_REMOVE | 797, (562, 1, 606, 1, 509, 2, 311, 1, 50, 2)
[1704570716] ITEM_REMOVE | 898, (907, 1, 10, 3, 53, 1)
[1704572017] ITEM_ADD | 577, (199, 1, 406, 9)
[1704575130] ITEM_REMOVE | 382, (586, 2, 926, 2, 290, 1, 603, 3)
[1704580465] ITEM_ADD | 37, (732, 3, 358, 1, 918, 4, 759, 6)
[1704584139] ITEM_REMOVE | 646, (943, 2, 691, 1, 848, 1, 821, 1, 83, 2)
[1704585741] ITEM_ADD | 282, (396, 4, 212, 2, 439, 1, 170, 1, 363, 5)
[1704587572] ITEM_REMOVE | 908, (958, 3, 204, 2, 42, 2)
[1704588119] ITEM_REMOVE | 642, (815, 3, 670, 2)
[1704592648] ITEM_ADD | 452, (495, 7, 143, 3)
[1704595227] ITEM_ADD | 455, (427, 3, 771, 5)
[1704600069] ITEM_ADD | 454, (795, 2, 67, 8, 919, 8)
[1704601791] ITEM_ADD | 343, (668, 9, 547, 1, 377, 9)
[1704601994] ITEM_REMOVE | 643, (274, 2, 628, 1, 480, 1, 477, 1)
[1704603217] ITEM_ADD | 224, (31, 3, 578, 5, 214, 3)
[1704603478] ITEM_ADD | 461, (547, 5)
[1704604132] ITEM_REMOVE | 437, (633, 2, 727, 2)
[1704605213] ITEM_REMOVE | 34, (224, 3, 497, 1, 529, 1, 322, 2, 886, 2)
[1704605650] ITEM_ADD | 150, (304, 10)
[1704606894] ITEM_REMOVE | 264, (449, 3, 823, 1, 517, 3)
[1704611456] ITEM_ADD | 883, (397, 4, 781, 1)
[1704615290] ITEM_REMOVE | 150, (732, 2)
[1704615444] ITEM_ADD | 963, (886, 10, 21, 6, 496, 3, 985, 9, 325, 4)
[1704626901] ITEM_ADD | 121, (412, 4, 104, 3, 765, 3, 13, 9, 53, 2)
[1704628309] ITEM_ADD | 440, (336, 5, 216, 5, 968, 7)
[1704634932] ITEM_REMOVE | 587, (913, 2, 919, 2, 448, 3)
[1704635747] ITEM_REMOVE | 28, (330, 3, 251, 1, 444, 2, 767, 3)
[1704638398] ITEM_ADD | 870, (466, 3, 74, 10)
[1704638877] ITEM_REMOVE | 64, (421, 3, 89, 3, 971, 1, 619, 1)
[1704640715] ITEM_ADD | 345, (614, 7, 533, 8, 641, 6, 239, 7, 599, 6)
[1704645959] ITEM_ADD | 609, (100, 5, 230, 2)
[1704646071] ITEM_ADD | 600, (28, 10, 247, 2, 203, 7)
[1704648986] ITEM_REMOVE | 122, (133, 2)
[1704652226] ITEM_ADD | 172, (130, 1, 805, 6, 138, 3, 384, 4)
[1704654867] ITEM_REMOVE | 131, (283, 2, 890, 2, 84, 3)
[1704658785] ITEM_REMOVE | 97, (852, 2)
[1704664942] ITEM_ADD | 224, (364, 5)
[1704673812] ITEM_ADD | 132, (499, 2, 151, 8, 571, 7, 54, 5, 89, 3)
[1704674164] ITEM_ADD | 320, (928, 2, 672, 7, 58, 8, 837, 10, 974, 9)
[1704675271] ITEM_REMOVE | 171, (291, 1)
[1704676348] ITEM_ADD | 861, (474, 1, 409, 8, 325, 8, 462, 5, 661, 6)
[1704676881] ITEM_ADD | 484, (430, 1, 490, 3, 348, 5, 937, 9, 955, 8)
[1704681140] ITEM_ADD | 167, (134, 10)
[1704682971] ITEM_ADD | 897, (919, 1)
[1704685591] ITEM_REMOVE | 626, (881, 2)
[1704687291] ITEM_REMOVE | 22, (829, 1, 771, 3)
[1704688690] ITEM_REMOVE | 769, (396, 1, 202, 3, 935, 1)
[1704693040] ITEM_REMOVE | 588, (330, 1, 68, 2, 29, 3)
[1704693230] ITEM_REMOVE | 101, (719, 3, 367, 2, 15, 2, 322, 2, 276, 1)
[1704695693] ITEM_ADD | 872, (179, 7)
[1704696176] ITEM_ADD | 591, (966, 9, 163, 8)
[1704696280] ITEM_REMOVE | 898, (325, 1, 873, 2, 693, 1)
[1704700922] ITEM_REMOVE | 142, (973, 1)
[1704704234] ITEM_REMOVE | 645, (954, 1, 167, 3, 457, 2, 910, 2)
[1704704660] ITEM_ADD | 796, (357, 9, 669, 6)
[1704708283] ITEM_ADD | 874, (849, 7, 682, 5)
[1704709684] ITEM_ADD | 155, (172, 9, 836, 1)
[1704715906] ITEM_ADD | 16, (368, 10, 543, 4, 918, 10, 132, 6)
[1704720659] ITEM_REMOVE | 127, (115, 3, 33, 2, 954, 2, 870, 1, 195, 3)
[1704724038] ITEM_REMOVE | 843, (683, 2, 862, 1, 588, 2)
[1704728316] ITEM_REMOVE | 173, (950, 3, 173, 2)
[1704729135] ITEM_REMOVE | 3, (637, 3, 504, 2, 168, 2, 135, 2)
[1704730392] ITEM_REMOVE | 804, (618, 3)
[1704731860] ITEM_REMOVE | 209, (608, 3, 128, 3, 848, 1, 749, 2, 437, 2)
[1704737942] ITEM_ADD | 551, (647, 7, 758, 5)
[1704738449] ITEM_REMOVE | 401, (415, 2, 264, 1, 984, 2, 695, 3)
[1704740240] ITEM_REMOVE | 709, (511, 1, 403, 3)
[1704743269] ITEM_REMOVE | 942, (618, 3, 202, 3)
[1704746456] ITEM_ADD | 9, (438, 6, 705, 8)
[1704750458] ITEM_REMOVE | 577, (647, 3, 638, 1, 376, 3, 743, 1)
[1704751225] ITEM_ADD | 918, (165, 7, 970, 10, 538, 9)
[1704752239] ITEM_REMOVE | 605, (422, 2, 878, 2, 955, 2)
[1704753672] ITEM_ADD | 477, (794, 1)
[1704753916] ITEM_ADD | 238, (421, 8, 627, 5)
[1704756180] ITEM_REMOVE | 511, (806, 1, 581, 2, 696, 1, 168, 3, 286, 2)
[1704757706] ITEM_REMOVE | 412, (361, 3, 744, 2)
[1704763232] ITEM_ADD | 833, (561, 9, 233, 6)
[1704764475] ITEM_REMOVE | 131, (525, 2)
[1704766101] ITEM_ADD | 869, (70, 2)
[1704766645] ITEM_REMOVE | 848, (409, 2, 591, 2, 276, 1)
[1704776095] ITEM_REMOVE | 924, (424, 1, 668, 3, 231, 1)
[1704778228] ITEM_ADD | 77, (225, 9, 284, 4)
[1704784567] ITEM_REMOVE | 355, (240, 2, 883, 3, 294, 1, 397, 1)
[1704784568] ITEM_ADD | 628, (326, 7, 501, 4, 781, 8, 604, 1)
[1704788625] ITEM_REMOVE | 825, (907, 2, 702, 2, 817, 2, 632, 3, 553, 1)
[1704793736] ITEM_REMOVE | 515, (415, 1)
[1704794179] ITEM_REMOVE | 518, (11, 2, 568, 2, 49, 1)
[1704800113] ITEM_REMOVE | 143, (467, 3, 898, 1)
[1704800774] ITEM_REMOVE | 788, (855, 2)
[1704801086] ITEM_ADD | 790, (726, 3, 658, 2, 482, 8)
[1704801409] ITEM_ADD | 990, (95, 9)
[1704804650] ITEM_REMOVE | 123, (149, 3, 101, 2, 877, 3)
[1704804731] ITEM_ADD | 622, (792, 3, 210, 3)
[1704804889] ITEM_REMOVE | 901, (616, 2, 135, 3, 903, 1)
[1704805929] ITEM_ADD | 700, (852, 8, 949, 7)
[1704810082] ITEM_ADD | 932, (228, 8, 636, 4, 496, 9, 455, 9)
[1704810144] ITEM_REMOVE | 134, (777, 3, 464, 3, 930, 1, 529, 2, 312, 2)
[1704819260] ITEM_ADD | 583, (358, 1, 476, 3, 224, 2, 109, 3)
[1704821391] ITEM_ADD | 42, (674, 7)
[1704822108] ITEM_ADD | 780, (55, 3, 318, 8, 462, 4)
[1704831407] ITEM_REMOVE | 679, (619, 1, 111, 2, 1000, 2, 315, 2)
[1704835851] ITEM_REMOVE | 285, (700, 3, 833, 2, 97, 2)
[1704836006] ITEM_REMOVE | 853, (481, 1, 118, 1)
[1704839755] ITEM_REMOVE | 289, (624, 1, 242, 2, 936, 3, 238, 1, 597, 3)
[1704840596] ITEM_ADD | 604, (538, 10, 625, 9, 645, 2)
[1704840964] ITEM_ADD | 650, (205, 9)
[1704843816] ITEM_REMOVE | 581, (970, 1, 423, 2, 891, 3)
[1704846469] ITEM_ADD | 501, (519, 2)
[1704853224] ITEM_ADD | 522, (986, 1, 869, 6, 221, 9)
[1704855201] ITEM_ADD | 287, (37, 5, 323, 3, 666, 8)
[1704865613] ITEM_ADD | 96, (12, 7, 309, 10)
[1704867810] ITEM_REMOVE | 322, (690, 2, 19, 2)
[1704869881] ITEM_ADD | 120, (489, 4)
[1704872830] ITEM_ADD | 41, (635, 5, 523, 10)
[1704875673] ITEM_REMOVE | 308, (872, 2, 131, 2, 86, 1, 555, 2)
[1704877324] ITEM_REMOVE | 735, (893, 1, 912, 3, 640, 2, 323, 1)
[1704881733] ITEM_REMOVE | 766, (674, 1)
[1704884965] ITEM_REMOVE | 300, (722, 3, 714, 2, 64, 3)
[1704889478] ITEM_REMOVE | 874, (36, 3, 153, 1, 487, 3, 548, 1, 649, 3)
[1704893680] ITEM_REMOVE | 333, (916, 3, 405, 2, 251, 2, 324, 2, 892, 3)
[1704895028] ITEM_ADD | 1, (89, 8, 178, 3, 575, 8)
[1704895475] ITEM_REMOVE | 380, (288, 3, 476, 2, 596, 2, 904, 3, 326, 3)
[1704902243] ITEM_ADD | 447, (642, 6, 796, 3, 866, 1)
[1704904332] ITEM_ADD | 319, (161, 7, 962, 7, 130, 10, 608, 8)
[1704905634] ITEM_REMOVE | 241, (130, 2, 807, 2, 500, 2, 31, 3)
[1704905667] ITEM_ADD | 134, (22, 1, 425, 9, 819, 8)
[1704905962] ITEM_REMOVE | 891, (189, 1, 630, 3, 765, 3, 844, 2)
[1704906363] ITEM_ADD | 57, (612, 2)
[1704910433] ITEM_REMOVE | 631, (504, 3, 854, 2)
[1704910787] ITEM_REMOVE | 317, (716, 3, 485, 2, 280, 2)
[1704911796] ITEM_REMOVE | 277, (729, 3, 675, 3, 456, 3)
[1704912199] ITEM_REMOVE | 334, (745, 1, 311, 1)
[1704912280] ITEM_REMOVE | 61, (350, 1, 846, 2, 24, 1, 51, 3)
[1704918946] ITEM_REMOVE | 625, (98, 3, 767, 2, 226, 2, 529, 2, 419, 2)
[1704921950] ITEM_REMOVE | 471, (254, 2, 270, 1)
[1704922032] ITEM_REMOVE | 765, (811, 2, 50, 3, 127, 3)
[1704924040] ITEM_ADD | 992, (500, 10, 776, 2, 553, 7, 69, 7, 580, 5)
[1704925547] ITEM_REMOVE | 768, (959, 2, 967, 2)
[1704929730] ITEM_ADD | 140, (751, 6, 617, 7, 24, 4)
[1704930722] ITEM_ADD | 579, (906, 4, 418, 1, 735, 7, 943, 7)
[1704933526] ITEM_ADD | 78, (664, 8)
[1704934588] ITEM_ADD | 252, (551, 4)
[1704940484] ITEM_ADD | 784, (27, 6)
[1704942120] ITEM_REMOVE | 795, (917, 2)
[1704944779] ITEM_REMOVE | 79, (544, 2, 95, 2)
[1704945867] ITEM_ADD | 942, (986, 2, 961, 9)
[1704948203] ITEM_REMOVE | 13, (796, 2)
[1704951962] ITEM_REMOVE | 678, (74, 3, 40, 3)
[1704956359] ITEM_ADD | 249, (297, 1, 296, 9, 849, 10, 821, 8)
[1704956845] ITEM_ADD | 401, (27, 6)
[1704956948] ITEM_REMOVE | 33, (182, 1, 483, 1, 422, 1, 539, 2, 670, 3)
[1704966380] ITEM_REMOVE | 599, (990, 2, 128, 2, 17, 3, 450, 3, 169, 3)
[1704970340] ITEM_ADD | 726, (521, 5, 310, 1, 789, 8, 934, 10, 16, 4)
[1704970475] ITEM_REMOVE | 429, (174, 1, 525, 1, 705, 1)
[1704971075] ITEM_REMOVE | 70, (433, 3, 108, 3, 606, 1)
[1704972688] ITEM_ADD | 648, (297, 3)
[1704974222] ITEM_ADD | 89, (698, 6, 267, 9, 546, 3)
[1704978716] ITEM_ADD | 246, (32, 7)
[1704981079] ITEM_ADD | 216, (884, 8)
[1704984048] ITEM_ADD | 166, (469, 2, 571, 1, 436, 8, 799, 10)
[1704985803] ITEM_ADD | 948, (306, 5, 500, 7, 735, 7, 506, 5, 221, 7)
[1704989225] ITEM_REMOVE | 303, (812, 3, 562, 3, 423, 1, 417, 2)
[1704990555] ITEM_REMOVE | 217, (291, 2, 75, 3, 325, 3)
[1704991029] ITEM_REMOVE | 461, (782, 2)
[1704997725] ITEM_ADD | 363, (712, 9, 17, 2)
[1704998094] ITEM_REMOVE | 563, (149, 3)
[1705000444] ITEM_ADD | 211, (32, 5, 947, 1, 146, 10, 788, 1, 133, 8)
[1705000621] ITEM_ADD | 322, (473, 7, 604, 5)
[1705003538] ITEM_REMOVE | 27, (338, 3, 233, 1, 400, 2, 739, 3, 575, 1)
[1705010007] ITEM_REMOVE | 259, (61, 1, 50, 1, 310, 2)
[1705010737] ITEM_REMOVE | 413, (886, 3)
[1705012033] ITEM_REMOVE | 957, (19, 3, 376, 3)
[1705014448] ITEM_REMOVE | 18, (622, 1, 898, 3, 81, 1)
[1705018650] ITEM_ADD | 625, (425, 4, 914, 10, 408, 9, 590, 5)
[1705020451] ITEM_ADD | 381, (535, 10, 920, 5)
[1705021224] ITEM_REMOVE | 305, (688, 2, 348, 3, 950, 1, 840, 3, 453, 1)
[1705023109] ITEM_ADD | 680, (393, 2, 23, 6, 286, 2, 340, 8)
[1705024658] ITEM_REMOVE | 714, (258, 2, 270, 2, 446, 3, 914, 3, 931, 1)
[1705025418] ITEM_REMOVE | 850, (916, 1, 819, 2, 38, 3)
[1705026585] ITEM_ADD | 542, (191, 4, 970, 6)
[1705028850] ITEM_ADD | 735, (412, 4, 956, 7, 631, 1, 312, 7)
[1705035404] ITEM_REMOVE | 970, (599, 1, 376, 1, 599, 2, 219, 3)
[1705040058] ITEM_ADD | 112, (437, 4, 264, 5, 362, 4, 258, 9, 425, 4)
[1705042523] ITEM_REMOVE | 700, (781, 2, 588, 1, 582, 3, 543, 2, 394, 1)
[1705042828] ITEM_ADD | 337, (361, 1)
[1705043436] ITEM_REMOVE | 422, (124, 3, 800, 3)
[1705046955] ITEM_REMOVE | 360, (912, 2, 88, 3, 380, 2, 699, 2)
[1705047977] ITEM_ADD | 635, (7, 7)
[1705054125] ITEM_ADD | 377, (618, 3, 624, 4)
[1705056739] ITEM_ADD | 491, (12, 9, 645, 9)
[1705057723] ITEM_ADD | 922, (297, 3, 250, 7)
[1705059889] ITEM_ADD | 507, (500, 5, 831, 6, 444, 9)
[1705060701] ITEM_ADD | 492, (898, 10, 327, 2, 363, 3)
[1705064952] ITEM_ADD | 86, (750, 3, 971, 10)
[1705077974] ITEM_ADD | 432, (793, 5, 480, 8, 950, 2, 641, 9)
[1705080304] ITEM_ADD | 197, (734, 2, 320, 10, 871, 9)
[1705082965] ITEM_REMOVE | 609, (647, 3)
[1705083042] ITEM_ADD | 9, (930, 5)
[1705083869] ITEM_ADD | 452, (424, 6, 734, 8, 95, 10)
[1705087056] ITEM_REMOVE | 731, (420, 3, 514, 1)
[1705087223] ITEM_REMOVE | 263, (954, 2, 491, 2, 407, 1)
[1705089615] ITEM_REMOVE | 444, (192, 3)
[1705090235] ITEM_ADD | 394, (360, 8, 124, 8, 403, 4, 463, 2)
[1705090684] ITEM_ADD | 948, (898, 7, 90, 9, 903, 6, 451, 10, 6, 4)
[1705091347] ITEM_REMOVE | 264, (314, 1, 910, 2, 606, 3, 931, 2)
[1705094383] ITEM_REMOVE | 287, (397, 1)
[1705094532] ITEM_ADD | 787, (186, 9)
[1705095853] ITEM_ADD | 550, (749, 2, 893, 8, 967, 8)
[1705103444] ITEM_REMOVE | 307, (68, 2, 347, 3, 144, 1, 406, 3)
[1705110410] ITEM_ADD | 242, (871, 6, 341, 10)
[1705112603] ITEM_ADD | 292, (134, 10, 893, 3, 52, 1)
[1705115188] ITEM_REMOVE | 508, (902, 1, 105, 2, 90, 2)
[1705115466] ITEM_REMOVE | 332, (263, 1)
[1705117051] ITEM_REMOVE | 20, (818, 2, 655, 3, 189, 1, 56, 2)
[1705117174] ITEM_REMOVE | 924, (42, 3, 468, 2)
[1705119403] ITEM_ADD | 800, (404, 4, 485, 6)
[1705122490] ITEM_REMOVE | 864, (434, 3, 143, 3, 479, 1)
[1705123095] ITEM_ADD | 14, (3, 6, 748, 3, 983, 5, 713, 10)
[1705130597] ITEM_REMOVE | 133, (182, 1, 96, 3, 628, 1)
[1705131191] ITEM_ADD | 965, (76, 4)
[1705131692] ITEM_REMOVE | 184, (723, 3, 555, 3, 881, 2, 806, 1, 539, 1)
[1705133654] ITEM_REMOVE | 964, (871, 3, 608, 1, 136, 2, 930, 2)
[1705134011] ITEM_ADD | 37, (563, 5, 680, 6)
[1705140541] ITEM_REMOVE | 237, (670, 1, 870, 3, 792, 1, 318, 1)
[1705142221] ITEM_REMOVE | 225, (942, 1, 70, 3, 343, 3, 864, 3, 160, 1)
[1705144147] ITEM_REMOVE | 661, (319, 1, 550, 3, 436, 3)
[1705144269] ITEM_REMOVE | 148, (566, 2)
[1705147404] ITEM_ADD | 585, (660, 6, 337, 2, 969, 8)
[1705152002] ITEM_REMOVE | 195, (340, 2, 859, 2, 866, 2)
[1705160066] ITEM_ADD | 425, (289, 1)
[1705160588] ITEM_REMOVE | 242, (244, 2, 983, 1, 754, 1, 378, 2, 678, 3)
[1705164802] ITEM_ADD | 463, (721, 7, 672, 9, 771, 6)
[1705174854] ITEM_REMOVE | 185, (889, 3, 956, 3, 993, 2, 264, 2)
[1705183487] ITEM_REMOVE | 354, (690, 2, 985, 2, 555, 3)
[1705186466] ITEM_ADD | 805, (237, 8)
[1705187588] ITEM_REMOVE | 616, (253, 3, 745, 3)
[1705189689] ITEM_ADD | 574, (861, 5, 990, 3, 154, 3, 65, 2)
[1705190108] ITEM_REMOVE | 511, (673, 1, 523, 3, 137, 3)
[1705192318] ITEM_REMOVE | 841, (488, 3, 423, 1, 944, 1, 134, 3, 76, 1)
[1705196749] ITEM_ADD | 323, (769, 5, 113, 3, 785, 1)
[1705197826] ITEM_ADD | 813, (117, 4, 939, 2, 145, 8, 86, 1)
[1705198335] ITEM_ADD | 792, (458, 7)
[1705199717] ITEM_ADD | 638, (271, 8, 922, 3)
[1705202097] ITEM_REMOVE | 234, (205, 2)
[1705206067] ITEM_REMOVE | 359, (690, 1, 675, 3, 864, 1)
[1705207030] ITEM_REMOVE | 883, (655, 1, 157, 3)
[1705207067] ITEM_ADD | 282, (698, 8, 533, 7, 492, 10)
[1705208947] ITEM_ADD | 20, (892, 10, 883, 9, 836, 4, 250, 8)
[1705209536] ITEM_ADD | 451, (754, 4, 189, 4)
[1705213146] ITEM_ADD | 624, (253, 5, 928, 1)
[1705213374] ITEM_REMOVE | 226, (20, 1, 714, 3, 839, 2, 538, 2)
[1705213399] ITEM_REMOVE | 98, (493, 2, 714, 2, 163, 3)
[1705216501] ITEM_ADD | 523, (418, 2)
[1705219656] ITEM_REMOVE | 963, (943, 2, 411, 2, 731, 3, 719, 3, 670, 1)
[1705226928] ITEM_REMOVE | 435, (466, 1, 625, 2)
[1705230374] ITEM_ADD | 846, (336, 4, 433, 3, 435, 6)
[1705231591] ITEM_REMOVE | 419, (56, 3, 936, 1, 106, 3, 941, 3, 761, 3)
[1705232555] ITEM_ADD | 60, (103, 2, 576, 8, 824, 8)
[1705235569] ITEM_REMOVE | 50, (84, 3)
[1705236119] ITEM_REMOVE | 928, (845, 2, 1, 1, 552, 1, 20, 2, 142, 3)
[1705237722] ITEM_ADD | 972, (337, 10)
[1705237794] ITEM_REMOVE | 273, (865, 1, 58, 2, 558, 3)
[1705242201] ITEM_ADD | 987, (988, 8, 959, 2, 196, 10, 857, 1, 814, 7)
[1705249545] ITEM_REMOVE | 551, (597, 3, 286, 3, 412, 1)
[1705252798] ITEM_ADD | 556, (53, 10, 75, 6, 865, 3, 9, 4, 143, 2)
[1705262056] ITEM_REMOVE | 931, (459, 3, 124, 3, 643, 3, 529, 1, 567, 3)
[1705265194] ITEM_ADD | 408, (979, 8, 538, 1, 652, 8)
[1705267121] ITEM_ADD | 287, (689, 2, 182, 1, 186, 5)
[1705275696] ITEM_REMOVE | 779, (139, 1, 342, 1)
[1705277624] ITEM_REMOVE | 908, (653, 1)
[1705279792] ITEM_ADD | 201, (758, 4, 567, 5, 826, 3)
[1705280831] ITEM_ADD | 954, (859, 4, 514, 6, 537, 8, 570, 1, 116, 8)
[1705287267] ITEM_ADD | 489, (288, 7, 618, 4, 966, 3, 606, 3)
[1705287695] ITEM_REMOVE | 522, (451, 2)
[1705290375] ITEM_REMOVE | 784, (15, 1, 27, 1, 320, 2, 883, 3, 70, 2)
[1705290623] ITEM_REMOVE | 677, (574, 1)
[1705291029] ITEM_REMOVE | 697, (122, 1, 67, 1, 752, 2)
[1705293171] ITEM_REMOVE | 808, (108, 3, 754, 1)
[1705294499] ITEM_REMOVE | 58, (406, 3, 85, 3, 836, 1)
[1705298635] ITEM_ADD | 22, (333, 10, 619, 4, 478, 5, 509, 2)
[1705299527] ITEM_REMOVE | 485, (604, 1)
[1705305606] ITEM_ADD | 59, (386, 7, 914, 1)
[1705307083] ITEM_ADD | 39, (570, 9)
[1705309937] ITEM_REMOVE | 444, (866, 1)
[1705312696] ITEM_REMOVE | 545, (97, 3)
[1705316020] ITEM_REMOVE | 603, (856, 3, 787, 1)
[1705318459] ITEM_REMOVE | 84, (651, 1, 590, 3)
[1705319119] ITEM_REMOVE | 970, (529, 2, 204, 1)
[1705327587] ITEM_ADD | 295, (233, 1)
[1705327705] ITEM_ADD | 897, (931, 10, 508, 5, 486, 3)
[1705327722] ITEM_REMOVE | 642, (303, 2)
[1705328961] ITEM_REMOVE | 868, (101, 3)
[1705331140] ITEM_REMOVE | 10, (191, 2, 121, 3)
[1705333551] ITEM_ADD | 819, (650, 7, 694, 7, 707, 1)
[1705337441] ITEM_ADD | 9, (283, 7, 401, 1, 292, 7)
[1705341878] ITEM_REMOVE | 381, (412, 2, 473, 2, 342, 2, 192, 1, 2, 3)
[1705343859] ITEM_ADD | 137, (319, 1, 681, 2, 952, 8, 931, 2)
[1705344023] ITEM_ADD | 962, (286, 4, 684, 2)
[1705346002] ITEM_REMOVE | 673, (583, 2, 42, 2)
[1705351591] ITEM_REMOVE | 343, (32, 2)
[1705351824] ITEM_ADD | 705, (454, 1)
[1705355537] ITEM_ADD | 876, (525, 1, 482, 2, 600, 4, 334, 1)
[1705359569] ITEM_ADD | 791, (587, 2, 363, 9, 292, 2)
[1705359592] ITEM_REMOVE | 196, (400, 2, 265, 1, 721, 2, 856, 2, 563, 2)
[1705361755] ITEM_REMOVE | 707, (718, 2)
[1705362081] ITEM_REMOVE | 629, (94, 3, 679, 1, 56, 1)
[1705366829] ITEM_REMOVE | 583, (76, 2, 62, 3, 678, 1, 792, 3, 410, 1)
[1705373874] ITEM_ADD | 738, (653, 1, 166, 5, 334, 7, 849, 9, 42, 6)
[1705376160] ITEM_ADD | 895, (101, 7, 151, 10)
[1705376451] ITEM_ADD | 315, (128, 9)
[1705383192] ITEM_ADD | 217, (279, 2, 754, 8, 735, 4, 650, 1, 644, 9)
[1705386100] ITEM_ADD | 328, (591, 1, 286, 10, 670, 9)
[1705386846] ITEM_REMOVE | 344, (913, 2, 270, 1, 950, 2, 724, 3)
[1705387030] ITEM_ADD | 317, (301, 2, 848, 7)
[1705406481] ITEM_ADD | 292, (472, 6, 537, 2)
[1705411096] ITEM_ADD | 536, (163, 9, 88, 3)
[1705413165] ITEM_REMOVE | 238, (302, 3, 385, 3)
[1705417672] ITEM_REMOVE | 964, (947, 3, 839, 3)
[1705418197] ITEM_ADD | 605, (873, 5, 676, 4)
[1705418309] ITEM_REMOVE | 706, (868, 1, 624, 2, 548, 2, 21, 3)
[1705418613] ITEM_REMOVE | 139, (129, 3, 224, 3, 256, 3, 837, 1, 750, 3)
[1705419478] ITEM_ADD | 585, (5, 10)
[1705419686] ITEM_REMOVE | 714, (72, 2, 445, 1)
[1705419748] ITEM_REMOVE | 197, (374, 3, 28, 3, 399, 1)
[1705420264] ITEM_ADD | 115, (145, 7, 637, 1)
[1705422794] ITEM_REMOVE | 849, (805, 2, 287, 1)
[1705424462] ITEM_ADD | 524, (801, 8, 102, 1, 157, 2, 842, 10)
[1705426207] ITEM_ADD | 569, (639, 5, 78, 6, 245, 8, 954, 9, 646, 10)
[1705427191] ITEM_REMOVE | 101, (745, 1, 3, 1, 617, 3, 22, 3, 874, 2)
[1705429305] ITEM_ADD | 402, (440, 5, 89, 1, 200, 10, 665, 5)
[1705429668] ITEM_REMOVE | 528, (213, 3, 723, 1, 281, 3)
[1705431719] ITEM_ADD | 757, (956, 4, 574, 6, 598, 6, 416, 5)
[1705443071] ITEM_ADD | 632, (777, 5, 739, 5, 792, 9)
[1705447957] ITEM_REMOVE | 741, (782, 3, 57, 1)
[1705448661] ITEM_REMOVE | 928, (825, 2, 230, 3, 181, 3, 802, 2, 239, 1)
[1705450097] ITEM_ADD | 412, (193, 6)
[1705453898] ITEM_REMOVE | 416, (71, 2, 472, 1, 235, 2)
[1705457874] ITEM_ADD | 11, (477, 2, 416, 6, 799, 8, 648, 2, 385, 9)
[1705459886] ITEM_REMOVE | 931, (812, 1, 844, 3, 240, 3, 658, 3)
[1705460714] ITEM_ADD | 122, (131, 10, 928, 2, 414, 5, 699, 6)
[1705461306] ITEM_REMOVE | 185, (347, 3, 375, 2, 36, 2, 354, 3, 842, 2)
[1705463801] ITEM_REMOVE | 86, (637, 3, 612, 2, 600, 2)
[1705464183] ITEM_ADD | 315, (867, 7, 380, 10)
[1705469048] ITEM_REMOVE | 772, (389, 3, 274, 1, 637, 3, 140, 1, 706, 2)
[1705470259] ITEM_REMOVE | 303, (19, 1)
[1705471447] ITEM_ADD | 729, (588, 4, 346, 5, 423, 6, 741, 3, 339, 1)
[1705471588] ITEM_REMOVE | 328, (153, 2, 873, 1, 539, 2, 987, 3)
[1705472203] ITEM_ADD | 899, (449, 8, 790, 3)
[1705477015] ITEM_ADD | 654, (694, 5)
[1705477041] ITEM_REMOVE | 212, (727, 3, 255, 1)
[1705479981] ITEM_ADD | 612, (403, 5)
[1705480275] ITEM_REMOVE | 499, (340, 2)
[1705482825] ITEM_REMOVE | 325, (87, 3, 520, 2, 787, 2)
[1705484934] ITEM_REMOVE | 211, (239, 3, 593, 3, 565, 1, 8, 2)
[1705489224] ITEM_ADD | 27, (330, 9, 446, 6)
[1705492503] ITEM_REMOVE | 752, (803, 1, 910, 2, 568, 1)
[1705492951] ITEM_REMOVE | 209, (975, 1, 31, 1, 288, 3, 838, 3, 311, 3)
[1705496327] ITEM_REMOVE | 106, (692, 3, 172, 1)
[1705501955] ITEM_ADD | 85, (640, 10)
[1705502145] ITEM_ADD | 992, (334, 4, 194, 6, 449, 2)
[1705508936] ITEM_ADD | 867, (693, 8, 777, 7)
[1705513782] ITEM_REMOVE | 223, (339, 2)
[1705514564] ITEM_REMOVE | 154, (477, 3, 760, 3)
[1705514723] ITEM_REMOVE | 66, (611, 3, 444, 1, 966, 1, 422, 3)
[1705521866] ITEM_ADD | 739, (307, 5, 698, 6, 407, 9, 210, 9, 338, 2)
[1705525671] ITEM_ADD | 743, (156, 7, 100, 6, 646, 6, 324, 7)
[1705527817] ITEM_ADD | 551, (759, 10, 534, 8)
[1705528050] ITEM_ADD | 455, (717, 3, 731, 1, 709, 5, 134, 1)
[1705528500] ITEM_ADD | 45, (648, 4, 475, 3, 315, 4, 292, 8)
[1705533380] ITEM_ADD | 64, (124, 1, 954, 2, 337, 5, 107, 9)
[1705533619] ITEM_REMOVE | 187, (939, 1, 913, 2, 674, 3, 340, 3)
[1705533782] ITEM_ADD | 479, (920, 8, 79, 8, 240, 2, 613, 1, 544, 7)
[1705534744] ITEM_REMOVE | 286, (180, 3)
[1705535323] ITEM_REMOVE | 718, (253, 2, 937, 2, 993, 2, 897, 2, 298, 2)
[1705537432] ITEM_REMOVE | 963, (298, 2, 164, 2, 163, 1, 510, 1, 423, 3)
[1705541244] ITEM_REMOVE | 257, (910, 2, 346, 3, 959, 3)
[1705542679] ITEM_REMOVE | 609, (297, 1, 759, 3, 106, 1)
[1705546849] ITEM_REMOVE | 123, (803, 1, 238, 1, 441, 3)
[1705547255] ITEM_REMOVE | 741, (94, 3, 510, 1, 261, 3, 933, 3, 214, 2)
[1705547725] ITEM_ADD | 162, (585, 6, 233, 5, 665, 10, 470, 6)
[1705552761] ITEM_ADD | 310, (931, 9, 645, 2, 208, 2)
[1705554650] ITEM_REMOVE | 830, (19, 3, 569, 3, 974, 3, 21, 2, 621, 1)
[1705561605] ITEM_REMOVE | 951, (108, 3, 26, 3, 997, 2)
[1705568887] ITEM_REMOVE | 128, (585, 2, 259, 3, 800, 1, 275, 3)
[1705568958] ITEM_REMOVE | 981, (902, 3, 794, 1)
[1705570912] ITEM_REMOVE | 290, (207, 3)
[1705578574] ITEM_ADD | 672, (468, 10, 660, 10, 841, 5, 17, 10, 623, 1)
[1705581705] ITEM_REMOVE | 805, (846, 2, 440, 2, 829, 3, 337, 1, 438, 3)
[1705581778] ITEM_REMOVE | 381, (125, 2, 325, 3, 689, 3, 905, 3, 705, 1)
[1705591151] ITEM_ADD | 929, (381, 2)
[1705592483] ITEM_ADD | 857, (522, 7, 976, 8, 849, 2)
[1705596833] ITEM_REMOVE | 556, (354, 2, 373, 3, 573, 1, 910, 3, 555, 3)
[1705597127] ITEM_REMOVE | 924, (309, 2, 268, 3, 499, 3, 780, 3)
[1705597450] ITEM_ADD | 436, (133, 9, 955, 3, 475, 5)
[1705599392] ITEM_REMOVE | 282, (98, 1, 573, 2, 294, 3, 483, 2)
[1705600389] ITEM_ADD | 452, (556, 4, 545, 8, 691, 8, 846, 2)
[1705602723] ITEM_REMOVE | 86, (742, 3, 204, 2, 796, 3, 174, 2)
[1705604646] ITEM_REMOVE | 275, (521, 1, 957, 2, 177, 1)
[1705609529] ITEM_REMOVE | 161, (539, 3, 83, 2, 479, 2)
[1705610745] ITEM_ADD | 653, (24, 7, 719, 2, 721, 8)
[1705614495] ITEM_REMOVE | 772, (609, 3, 534, 2, 517, 2, 371, 2)
[1705615870] ITEM_ADD | 33, (892, 1, 584, 10, 725, 6, 821, 10, 758, 8)
[1705616608] ITEM_REMOVE | 162, (297, 3, 97, 3, 600, 3, 544, 2)
[1705617566] ITEM_REMOVE | 618, (405, 2, 616, 1, 858, 1, 180, 3)
[1705617608] ITEM_REMOVE | 125, (793, 3, 859, 3, 77, 1)
[1705617970] ITEM_REMOVE | 59, (512, 2, 168, 3, 356, 1, 643, 2)
[1705626476] ITEM_REMOVE | 212, (192, 2, 913, 2, 365, 1, 706, 2)
[1705627221] ITEM_REMOVE | 521, (978, 1)
[1705628139] ITEM_ADD | 733, (764, 10, 515, 8, 161, 7)
[1705630337] ITEM_ADD | 399, (944, 8, 187, 1, 82, 3, 506, 6)
[1705635844] ITEM_ADD | 241, (144, 3, 195, 3, 281, 2)
[1705640700] ITEM_REMOVE | 783, (440, 2, 790, 1, 183, 1, 795, 2)
[1705642417] ITEM_REMOVE | 528, (1000, 3, 208, 3, 266, 2, 189, 1)
[1705644554] ITEM_REMOVE | 867, (258, 2, 835, 1, 779, 3)
[1705645091] ITEM_REMOVE | 772, (618, 1)
[1705646703] ITEM_REMOVE | 302, (844, 1, 148, 3)
[1705655871] ITEM_ADD | 694, (686, 4, 342, 2, 768, 7, 328, 1)
[1705656577] ITEM_REMOVE | 695, (22, 1)
[1705657361] ITEM_ADD | 17, (95, 6)
[1705657798] ITEM_ADD | 562, (285, 9, 636, 5, 613, 2)
[1705659960] ITEM_REMOVE | 205, (47, 2)
[1705661844] ITEM_REMOVE | 896, (673, 3, 92, 1)
[1705663843] ITEM_ADD | 249, (217, 9, 203, 2, 176, 3)
[1705667917] ITEM_ADD | 673, (69, 7)
[1705674342] ITEM_REMOVE | 105, (708, 3, 91, 2, 726, 3, 763, 1)
[1705678440] ITEM_ADD | 715, (214, 7)
[1705684274] ITEM_REMOVE | 375, (780, 2)
[1705684342] ITEM_ADD | 161, (606, 9, 160, 5)
[1705685575] ITEM_REMOVE | 790, (780, 3, 172, 2)
[1705687154] ITEM_REMOVE | 974, (457, 2, 416, 3)
[1705691818] ITEM_REMOVE | 408, (643, 2, 341, 3, 140, 2)
[1705693033] ITEM_ADD | 856, (87, 8, 878, 1)
[1705694664] ITEM_REMOVE | 163, (917, 1, 319, 1, 889, 1)
[1705695455] ITEM_ADD | 363, (614, 10, 362, 8, 546, 6)
[1705699417] ITEM_REMOVE | 504, (604, 2, 337, 2, 265, 3, 826, 1)
[1705699719] ITEM_ADD | 159, (523, 5, 790, 2, 866, 5, 718, 8)
[1705700597] ITEM_ADD | 569, (529, 3)
[1705702760] ITEM_ADD | 996, (788, 2, 896, 3, 46, 6, 372, 5, 870, 1)
[1705703443] ITEM_REMOVE | 828, (854, 3, 491, 1, 275, 2, 452, 1, 692, 1)
[1705704429] ITEM_REMOVE | 491, (303, 2, 594, 2)
[1705704927] ITEM_REMOVE | 445, (717, 1)
[1705711546] ITEM_ADD | 592, (983, 7, 187, 9, 860, 2)
[1705715872] ITEM_REMOVE | 522, (687, 2, 443, 3, 238, 2, 677, 2)
[1705719154] ITEM_REMOVE | 866, (333, 3, 312, 1)
[1705721008] ITEM_ADD | 935, (126, 5, 466, 1)
[1705728456] ITEM_REMOVE | 198, (13, 1, 480, 1, 788, 3, 368, 3)
[1705734049] ITEM_REMOVE | 609, (674, 3, 788, 3, 723, 3, 962, 3)
[1705738067] ITEM_REMOVE | 363, (197, 2, 500, 1)
[1705739011] ITEM_REMOVE | 353, (728, 1)
[1705742615] ITEM_REMOVE | 857, (148, 1, 438, 2)
[1705745836] ITEM_ADD | 2, (899, 9, 121, 8, 479, 10, 96, 6, 432, 1)
[1705745921] ITEM_REMOVE | 976, (521, 3)
[1705745956] ITEM_ADD | 422, (787, 1, 401, 3)
[1705749391] ITEM_ADD | 780, (813, 4, 189, 6, 263, 5, 88, 10, 293, 8)
[1705749727] ITEM_ADD | 815, (94, 5, 39, 6)
[1705750853] ITEM_ADD | 856, (630, 2, 816, 1, 781, 5, 465, 2, 226, 2)
[1705751611] ITEM_ADD | 359, (500, 9, 80, 1, 505, 1, 578, 8, 493, 1)
[1705752929] ITEM_REMOVE | 389, (35, 1)
[1705756102] ITEM_REMOVE | 203, (369, 2, 465, 3)
[1705763336] ITEM_REMOVE | 396, (119, 2, 366, 2)
[1705769305] ITEM_REMOVE | 939, (962, 2)
[1705775053] ITEM_REMOVE | 633, (448, 2, 457, 3, 477, 1, 982, 1)
[1705776298] ITEM_REMOVE | 343, (214, 1, 769, 1, 104, 2, 997, 1, 612, 3)
[1705778331] ITEM_REMOVE | 458, (31, 3, 974, 2, 992, 2, 157, 3, 227, 1)
[1705778994] ITEM_REMOVE | 536, (252, 3, 187, 2, 246, 1)
[1705783355] ITEM_REMOVE | 924, (920, 3, 922, 3, 11, 3, 486, 2, 489, 2)
[1705783955] ITEM_REMOVE | 827, (395, 3, 779, 3, 136, 3)
[1705784410] ITEM_ADD | 636, (73, 10, 688, 10, 322, 6, 621, 2)
[1705784651] ITEM_ADD | 427, (453, 1)
[1705786871] ITEM_ADD | 611, (68, 1, 731, 1, 636, 9)
[1705791486] ITEM_ADD | 68, (265, 4)
[1705795842] ITEM_REMOVE | 35, (292, 2, 821, 2, 45, 1, 331, 3)
[1705800824] ITEM_REMOVE | 322, (261, 2)
[1705803866] ITEM_REMOVE | 221, (320, 3, 953, 2)
[1705804929] ITEM_ADD | 875, (161, 3, 949, 2, 61, 9, 847, 10, 765, 3)
[1705816006] ITEM_ADD | 565, (95, 7, 566, 1)
[1705817221] ITEM_REMOVE | 482, (784, 2)
[1705817910] ITEM_REMOVE | 42, (246, 2, 278, 2, 802, 2, 42, 2, 614, 2)
[1705825129] ITEM_REMOVE | 289, (980, 1, 575, 2, 472, 3, 710, 3)
[1705825550] ITEM_ADD | 98, (556, 7, 669, 10, 482, 2)
[1705829306] ITEM_REMOVE | 52, (731, 1, 772, 2)
[1705830359] ITEM_REMOVE | 164, (412, 3)
[1705833276] ITEM_ADD | 224, (292, 6, 539, 2, 906, 2, 935, 5)
[1705834656] ITEM_ADD | 434, (647, 2, 204, 5, 692, 1)
[1705836457] ITEM_REMOVE | 184, (57, 2)
[1705836489] ITEM_ADD | 39, (765, 8)
[1705840654] ITEM_REMOVE | 247, (605, 3, 682, 3, 885, 1, 527, 2)
[1705842770] ITEM_ADD | 401, (693, 6, 828, 8, 120, 2, 705, 6)
[1705845536] ITEM_ADD | 306, (540, 5, 308, 3, 731, 1)
[1705845888] ITEM_REMOVE | 481, (127, 2, 100, 3, 895, 1, 891, 3, 883, 1)
[1705846113] ITEM_ADD | 813, (161, 3, 244, 10, 206, 9, 268, 1)
[1705852223] ITEM_ADD | 1000, (783, 1, 842, 9)
[1705857660] ITEM_REMOVE | 321, (749, 2, 713, 2, 942, 1)
[1705857816] ITEM_ADD | 694, (600, 5, 908, 7, 867, 2)
[1705859461] ITEM_ADD | 679, (790, 1, 820, 8, 253, 4, 579, 9, 46, 3)
[1705861236] ITEM_REMOVE | 107, (343, 1)
[1705866382] ITEM_REMOVE | 39, (164, 2, 325, 1, 408, 3)
[1705866550] ITEM_REMOVE | 410, (803, 2, 291, 2, 387, 2, 301, 2, 938, 1)
[1705873453] ITEM_ADD | 639, (814, 1, 809, 6, 845, 6, 348, 1)
[1705873805] ITEM_REMOVE | 300, (708, 2)
[1705878392] ITEM_REMOVE | 60, (647, 1, 958, 1, 358, 1, 483, 2, 905, 3)
[1705880190] ITEM_REMOVE | 387, (434, 2, 885, 1, 656, 1)
[1705881371] ITEM_ADD | 113, (428, 10, 770, 6, 646, 4, 538, 2)
[1705884432] ITEM_REMOVE | 995, (738, 1, 89, 2, 82, 2, 444, 2, 205, 2)
[1705884632] ITEM_ADD | 956, (90, 10, 858, 3, 628, 1, 121, 5, 267, 6)
[1705892150] ITEM_ADD | 979, (849, 1)
[1705893435] ITEM_ADD | 906, (310, 1, 12, 2, 589, 10)
[1705896778] ITEM_REMOVE | 546, (746, 3, 286, 2)
[1705898722] ITEM_ADD | 182, (859, 9, 910, 7, 533, 4, 559, 1, 26, 3)
[1705909688] ITEM_REMOVE | 874, (848, 1, 607, 2, 331, 1, 800, 2)
[1705910344] ITEM_ADD | 346, (813, 3)
[1705912732] ITEM_REMOVE | 415, (333, 1)
[1705913014] ITEM_REMOVE | 147, (808, 3)
[1705916005] ITEM_REMOVE | 495, (465, 3, 204, 2)
[1705917952] ITEM_ADD | 169, (322, 7)
[1705920360] ITEM_ADD | 751, (43, 3)
[1705924003] ITEM_REMOVE | 456, (832, 2, 97, 2)
[1705926361] ITEM_ADD | 594, (256, 5, 712, 4, 858, 7, 270, 4)
[1705928896] ITEM_ADD | 781, (815, 5, 125, 7, 889, 5)
[1705929893] ITEM_REMOVE | 279, (75, 1, 871, 3, 462, 3)
[1705932379] ITEM_REMOVE | 122, (339, 3, 700, 2, 863, 2, 222, 2, 581, 2)
[1705943788] ITEM_ADD | 751, (551, 2, 677, 9)
[1705943890] ITEM_ADD | 440, (44, 3, 578, 10, 415, 8)
[1705944250] ITEM_ADD | 400, (695, 2, 731, 4, 257, 4, 220, 6)
[1705944299] ITEM_ADD | 803, (403, 2, 462, 4, 146, 1)
[1705944821] ITEM_REMOVE | 178, (457, 1, 354, 2, 41, 1, 41, 2, 782, 1)
[1705945743] ITEM_ADD | 273, (77, 6, 315, 4, 964, 7, 946, 2)
[1705945935] ITEM_ADD | 853, (430, 7, 36, 9, 504, 8)
[1705949133] ITEM_REMOVE | 42, (743, 2)
[1705960430] ITEM_ADD | 824, (429, 9, 233, 10, 44, 6, 250, 5)
[1705962845] ITEM_ADD | 171, (550, 7, 197, 3, 391, 1, 664, 8, 94, 8)
[1705964626] ITEM_ADD | 384, (366, 2, 365, 7, 839, 9, 922, 7)
[1705966558] ITEM_ADD | 144, (164, 4)
[1705966810] ITEM_ADD | 69, (291, 9, 339, 1, 153, 5, 118, 6)
[1705967035] ITEM_ADD | 228, (659, 6)
[1705972985] ITEM_ADD | 669, (588, 4)
[1705974949] ITEM_REMOVE | 602, (183, 2, 154, 1, 684, 2, 356, 2)
[1705975216] ITEM_ADD | 371, (248, 6)
[1705978422] ITEM_ADD | 193, (656, 10, 267, 3, 441, 5)
[1705979164] ITEM_ADD | 879, (477, 10, 820, 10, 472, 9, 904, 10)
[1705979165] ITEM_ADD | 307, (143, 9)
[1705980935] ITEM_ADD | 631, (280, 8, 256, 9, 287, 3)
[1705983730] ITEM_REMOVE | 342, (56, 1, 941, 1, 329, 1)
[1705986635] ITEM_ADD | 952, (907, 9, 513, 8, 787, 3, 455, 9)
[1705986740] ITEM_ADD | 108, (12, 5)
[1705986952] ITEM_ADD | 396, (60, 5, 237, 5, 561, 10)
[1705991553] ITEM_ADD | 491, (657, 9, 515, 3)
[1705995700] ITEM_ADD | 65, (653, 4, 347, 7, 601, 3)
[1705999827] ITEM_ADD | 97, (530, 3, 259, 9)
[1706001140] ITEM_REMOVE | 56, (393, 3, 215, 3, 679, 1)
[1706002512] ITEM_ADD | 611, (222, 2)
[1706007264] ITEM_REMOVE | 957, (265, 3)
[1706010944] ITEM_REMOVE | 233, (468, 2, 866, 3, 381, 3, 710, 1)
[1706011158] ITEM_ADD | 260, (779, 8, 789, 1, 218, 1, 214, 1, 283, 6)
[1706015684] ITEM_REMOVE | 232, (631, 1, 674, 2, 359, 2, 999, 1)
[1706017676] ITEM_ADD | 334, (216, 1, 50, 4, 516, 10)
[1706021310] ITEM_ADD | 564, (634, 6, 379, 9, 577, 5, 817, 10, 713, 9)
[1706021728] ITEM_ADD | 945, (237, 5, 602, 3, 551, 3, 769, 1)
[1706022089] ITEM_REMOVE | 393, (978, 2, 862, 3, 933, 1, 640, 2, 97, 3)
[1706024631] ITEM_ADD | 460, (771, 9, 486, 2)
[1706031941] ITEM_REMOVE | 315, (334, 3, 651, 3, 802, 3, 784, 3)
[1706035280] ITEM_REMOVE | 337, (734, 1)
[1706038671] ITEM_REMOVE | 317, (83, 2, 414, 3, 9, 1, 166, 3)
[1706039872] ITEM_ADD | 870, (649, 4, 643, 6, 646, 4)
[1706040582] ITEM_ADD | 154, (57, 1, 72, 8, 29, 9, 103, 3, 188, 5)
[1706043779] ITEM_ADD | 623, (89, 1)
[1706044202] ITEM_REMOVE | 839, (444, 3, 530, 3, 598, 3, 731, 3)
[1706045859] ITEM_ADD | 477, (979, 1, 356, 9, 169, 8, 993, 6, 46, 9)
[1706049965] ITEM_REMOVE | 926, (621, 2)
[1706051070] ITEM_ADD | 425, (480, 9, 705, 10, 33, 9, 983, 2)
[1706053428] ITEM_ADD | 144, (922, 10)
[1706055343] ITEM_ADD | 531, (401, 10, 133, 6, 696, 2, 426, 8, 879, 10)
[1706061585] ITEM_REMOVE | 764, (23, 3, 481, 1, 194, 3, 804, 1)
[1706062869] ITEM_ADD | 455, (911, 5, 68, 10, 521, 3, 990, 5)
[1706062910] ITEM_ADD | 774, (669, 10, 501, 7)
[1706063710] ITEM_REMOVE | 224, (404, 3, 130, 1, 679, 2)
[1706064608] ITEM_ADD | 994, (938, 1, 208, 2, 312, 5, 916, 7)
[1706066340] ITEM_REMOVE | 972, (258, 2, 205, 3, 88, 2, 338, 1)
[1706074391] ITEM_ADD | 778, (450, 1, 896, 4, 931, 2, 756, 6, 981, 1)
[1706080071] ITEM_REMOVE | 728, (624, 1, 511, 1, 159, 1)
[1706083918] ITEM_ADD | 972, (277, 8, 242, 5, 449, 4, 60, 9)
[1706094599] ITEM_REMOVE | 959, (326, 3, 359, 3, 873, 2)
[1706096173] ITEM_REMOVE | 246, (324, 3, 218, 2, 479, 1)
[1706101469] ITEM_ADD | 451, (387, 9, 390, 7, 504, 5)
[1706101829] ITEM_REMOVE | 350, (940, 1)
[1706102659] ITEM_REMOVE | 676, (814, 3)
[1706107413] ITEM_ADD | 86, (942, 9, 656, 4, 138, 10, 745, 9, 213, 10)
[1706112193] ITEM_ADD | 444, (639, 10, 312, 6, 300, 7)
[1706112207] ITEM_REMOVE | 415, (483, 1, 989, 1, 229, 3, 193, 2)
[1706113030] ITEM_ADD | 930, (245, 8, 664, 5)
[1706113754] ITEM_ADD | 628, (90, 7, 916, 3, 844, 8, 362, 9, 798, 5)
[1706119282] ITEM_REMOVE | 895, (40, 3, 342, 2, 220, 2)
[1706119819] ITEM_REMOVE | 144, (558, 3, 858, 2, 833, 1, 222, 2)
[1706120941] ITEM_ADD | 669, (874, 5)
[1706121217] ITEM_ADD | 836, (988, 2, 564, 1, 38, 6, 633, 4, 107, 7)
[1706128220] ITEM_ADD | 376, (566, 4, 856, 6, 739, 9, 705, 3)
[1706136530] ITEM_REMOVE | 545, (396, 1, 366, 1, 613, 1)
[1706142227] ITEM_ADD | 269, (534, 8, 506, 5, 71, 3, 74, 5, 260, 10)
[1706146328] ITEM_ADD | 930, (994, 9, 825, 6, 721, 9, 785, 8)
[1706149840] ITEM_REMOVE | 280, (846, 2, 925, 3, 458, 2, 565, 2)
[1706152056] ITEM_REMOVE | 72, (352, 1, 459, 3, 442, 3)
[1706155030] ITEM_REMOVE | 892, (455, 1)
[1706156310] ITEM_ADD | 932, (257, 9, 851, 10, 595, 2)
[1706157393] ITEM_REMOVE | 621, (785, 1, 642, 3, 919, 1, 347, 2)
[1706157592] ITEM_REMOVE | 826, (616, 3, 747, 2, 498, 1)
[1706159408] ITEM_ADD | 691, (756, 5, 919, 5, 36, 3)
[1706161183] ITEM_REMOVE | 628, (134, 1, 979, 1)
[1706163064] ITEM_ADD | 198, (464, 3, 552, 10, 876, 4)
[1706163523] ITEM_ADD | 869, (7, 3)
[1706163999] ITEM_REMOVE | 171, (37, 2, 430, 1, 262, 1)
[1706168706] ITEM_ADD | 798, (156, 8, 298, 8)
[1706170306] ITEM_ADD | 52, (664, 4, 320, 2, 249, 5)
[1706171904] ITEM_ADD | 574, (731, 3, 529, 10, 937, 1, 730, 9)
[1706173518] ITEM_ADD | 624, (960, 10, 394, 7, 478, 10, 876, 10)
[1706173659] ITEM_REMOVE | 485, (432, 2, 427, 1)
[1706174987] ITEM_ADD | 122, (531, 10, 957, 5, 854, 5)
[1706180484] ITEM_ADD | 791, (214, 10)
[1706186234] ITEM_ADD | 304, (47, 1, 309, 10)
[1706187040] ITEM_ADD | 896, (420, 4, 174, 3, 458, 8)
[1706187231] ITEM_ADD | 314, (102, 3)
[1706190325] ITEM_ADD | 797, (162, 2, 542, 2)
[1706190961] ITEM_REMOVE | 179, (968, 1)
[1706191961] ITEM_REMOVE | 649, (763, 3, 916, 3, 308, 3)
[1706194051] ITEM_ADD | 238, (79, 9, 645, 6, 639, 9, 944, 6, 584, 5)
[1706200662] ITEM_ADD | 188, (80, 4, 716, 6, 466, 1, 577, 7)
[1706205082] ITEM_REMOVE | 63, (40, 2, 143, 3, 794, 2, 461, 2, 624, 3)
[1706207736] ITEM_REMOVE | 86, (550, 1, 677, 1)
[1706209069] ITEM_ADD | 576, (291, 9, 118, 10)
[1706210410] ITEM_REMOVE | 558, (904, 1, 71, 2, 163, 3, 933, 1, 7, 1)
[1706221286] ITEM_ADD | 499, (74, 8, 445, 7, 80, 4, 340, 4)
[1706221588] ITEM_REMOVE | 84, (209, 3, 217, 2)
[1706222107] ITEM_REMOVE | 10, (552, 2, 869, 1, 332, 2, 72, 1)
[1706224116] ITEM_ADD | 745, (8, 8)
[1706225088] ITEM_ADD | 461, (369, 1, 235, 8, 192, 6, 191, 4)
[1706226795] ITEM_ADD | 874, (839, 10, 830, 5, 150, 4, 48, 4)
[1706227274] ITEM_REMOVE | 781, (283, 1, 286, 3, 943, 2, 925, 1, 983, 2)
[1706232953] ITEM_REMOVE | 4, (620, 1, 716, 2)
[1706233408] ITEM_ADD | 269, (598, 7, 32, 2, 227, 7)
[1706233487] ITEM_REMOVE | 217, (951, 1, 825, 2, 639, 3)
[1706238549] ITEM_ADD | 510, (789, 1, 861, 3, 212, 1)
[1706238823] ITEM_ADD | 862, (520, 6, 879, 2, 159, 9)
[1706238976] ITEM_REMOVE | 68, (895, 2, 42, 2)
[1706239982] ITEM_ADD | 684, (747, 8, 627, 9)
[1706247604] ITEM_ADD | 346, (171, 4)
[1706248901] ITEM_ADD | 937, (518, 3, 898, 6, 602, 2, 672, 9)
[1706250444] ITEM_REMOVE | 82, (762, 1, 737, 3)
[1706251973] ITEM_ADD | 709, (979, 4, 141, 8, 439, 6, 227, 4, 571, 9)
[1706258273] ITEM_REMOVE | 529, (367, 1, 516, 1, 794, 1, 711, 1)
[1706264193] ITEM_REMOVE | 298, (945, 2, 723, 2)
[1706265670] ITEM_ADD | 20, (145, 8, 936, 8)
[1706266248] ITEM_ADD | 307, (827, 9, 503, 5, 481, 8)
[1706268040] ITEM_REMOVE | 902, (847, 2, 440, 3, 938, 2)
[1706276082] ITEM_ADD | 864, (867, 1, 373, 7, 802, 5, 621, 2, 701, 5)
[1706276331] ITEM_ADD | 938, (923, 7)
[1706281052] ITEM_REMOVE | 563, (244, 1, 504, 2, 969, 3)
[1706282219] ITEM_REMOVE | 670, (687, 2, 375, 3, 543, 3)
[1706287684] ITEM_ADD | 377, (641, 10, 912, 3, 527, 4, 223, 10, 395, 10)
[1706291584] ITEM_ADD | 365, (571, 1, 259, 5, 216, 6, 861, 1)
[1706293516] ITEM_REMOVE | 960, (915, 1, 110, 2, 665, 1, 862, 3, 890, 1)
[1706294824] ITEM_ADD | 358, (927, 7, 456, 7)
[1706295375] ITEM_REMOVE | 376, (782, 3)
[1706296771] ITEM_REMOVE | 43, (422, 2, 300, 3, 453, 1, 840, 3, 535, 3)
[1706298730] ITEM_ADD | 688, (658, 1, 978, 7, 953, 7, 378, 7, 629, 2)
[1706299862] ITEM_ADD | 87, (915, 10, 667, 2, 883, 5, 523, 8)
[1706303800] ITEM_REMOVE | 235, (711, 3, 15, 3, 316, 2, 937, 3)
[1706308771] ITEM_ADD | 373, (571, 4, 664, 10, 786, 2, 629, 9, 384, 8)
[1706309383] ITEM_ADD | 356, (688, 9)
[1706311343] ITEM_REMOVE | 239, (575, 3, 400, 2)
[1706312142] ITEM_REMOVE | 459, (360, 2, 237, 2, 426, 1, 939, 1)
[1706314818] ITEM_ADD | 207, (399, 1, 474, 1, 808, 5, 8, 2, 833, 10)
[1706317035] ITEM_ADD | 888, (435, 8, 43, 2, 845, 5, 515, 8)
[1706317282] ITEM_ADD | 147, (962, 2, 957, 8)
[1706318775] ITEM_ADD | 270, (406, 10, 725, 3, 79, 4, 984, 8)
[1706318859] ITEM_REMOVE | 956, (971, 2, 951, 1, 958, 3, 643, 2)
[1706330207] ITEM_REMOVE | 888, (898, 2, 458, 2)
[1706331483] ITEM_ADD | 879, (954, 9, 945, 6, 600, 9)
[1706332120] ITEM_ADD | 655, (916, 3, 487, 3, 300, 7, 274, 10, 193, 8)
[1706334793] ITEM_REMOVE | 200, (741, 3, 531, 3, 973, 3, 277, 2, 883, 1)
[1706340206] ITEM_REMOVE | 420, (594, 2, 898, 3)
[1706340614] ITEM_REMOVE | 60, (392, 3, 924, 3)
[1706340830] ITEM_REMOVE | 917, (681, 1, 700, 1, 173, 1)
[1706342538] ITEM_ADD | 209, (352, 5, 571, 4, 422, 10)
[1706345106] ITEM_REMOVE | 968, (594, 2, 218, 2, 252, 1, 681, 2)
[1706346212] ITEM_ADD | 595, (470, 8, 498, 5, 241, 1)
[1706347386] ITEM_ADD | 211, (60, 2, 124, 9)
[1706349073] ITEM_ADD | 752, (976, 9)
[1706350830] ITEM_REMOVE | 955, (860, 2, 14, 3, 793, 2)
[1706352524] ITEM_REMOVE | 92, (718, 1, 826, 1)
[1706362649] ITEM_ADD | 286, (280, 2, 936, 7, 925, 5)
[1706364760] ITEM_ADD | 351, (490, 1, 860, 10, 46, 3, 78, 4, 804, 2)
[1706365890] ITEM_REMOVE | 384, (614, 3, 294, 2, 810, 3, 999, 3)
[1706366425] ITEM_ADD | 733, (40, 3, 18, 3)
[1706369213] ITEM_ADD | 426, (223, 1, 304, 7, 688, 10, 690, 3)
[1706378521] ITEM_ADD | 972, (328, 2, 144, 1, 151, 9, 434, 1)
[1706382745] ITEM_ADD | 369, (663, 5)
[1706382965] ITEM_REMOVE | 913, (40, 1, 765, 3, 388, 2)
[1706383147] ITEM_REMOVE | 902, (237, 2, 753, 3, 295, 3)
[1706385948] ITEM_REMOVE | 707, (806, 3, 417, 3)
[1706386690] ITEM_ADD | 926, (273, 1)
[1706388007] ITEM_REMOVE | 777, (711, 2, 597, 2)
[1706390817] ITEM_REMOVE | 435, (11, 2)
[1706391405] ITEM_REMOVE | 471, (297, 1)
[1706394518] ITEM_REMOVE | 473, (799, 1, 764, 2, 58, 2, 92, 2, 965, 3)
[1706394639] ITEM_REMOVE | 843, (41, 2)
[1706396684] ITEM_ADD | 851, (141, 10, 163, 1, 941, 5, 718, 8, 806, 2)
[1706397349] ITEM_ADD | 877, (53, 10, 369, 5, 10, 6)
[1706398874] ITEM_REMOVE | 596, (465, 2, 793, 3, 355, 2)
[1706399423] ITEM_ADD | 58, (334, 4, 949, 6, 308, 4, 476, 3)
[1706403307] ITEM_ADD | 909, (652, 6)
[1706406278] ITEM_ADD | 466, (558, 5)
[1706407039] ITEM_ADD | 118, (601, 4, 631, 1, 101, 8, 285, 8)
[1706407047] ITEM_ADD | 778, (476, 8)
[1706408798] ITEM_REMOVE | 484, (487, 2, 399, 3, 792, 1, 165, 1)
[1706412186] ITEM_ADD | 706, (680, 4, 188, 1, 825, 4)
[1706415557] ITEM_REMOVE | 939, (104, 3, 907, 2, 938, 2, 521, 1, 265, 3)
[1706422419] ITEM_REMOVE | 655, (184, 2, 121, 3, 268, 3, 222, 1)
[1706426169] ITEM_ADD | 276, (880, 5)
[1706428427] ITEM_REMOVE | 92, (1000, 1, 297, 2, 436, 3, 90, 1)
[1706434156] ITEM_REMOVE | 979, (422, 1, 304, 1, 445, 1)
[1706435533] ITEM_ADD | 981, (788, 4, 742, 1, 291, 9, 847, 2, 531, 7)
[1706442814] ITEM_REMOVE | 801, (884, 3, 859, 1, 90, 3, 198, 1, 535, 3)
[1706449182] ITEM_REMOVE | 183, (769, 3, 313, 1, 802, 2)
[1706454130] ITEM_REMOVE | 660, (809, 1)
[1706454713] ITEM_ADD | 638, (93, 5, 816, 7)
[1706458051] ITEM_REMOVE | 184, (968, 2, 458, 2, 812, 1, 297, 3, 637, 3)
[1706464304] ITEM_ADD | 458, (593, 5)
[1706467167] ITEM_ADD | 711, (76, 9)
[1706471736] ITEM_REMOVE | 528, (598, 1, 39, 3, 348, 2)
[1706478090] ITEM_REMOVE | 685, (837, 3)
[1706479282] ITEM_REMOVE | 507, (316, 2, 784, 2)
[1706479805] ITEM_ADD | 602, (491, 2)
[1706485770] ITEM_ADD | 523, (878, 3, 818, 9, 237, 9, 284, 4)
[1706487244] ITEM_REMOVE | 859, (382, 3, 298, 3)
[1706487529] ITEM_ADD | 141, (214, 4, 312, 7, 125, 1, 173, 9)
[1706492632] ITEM_REMOVE | 274, (652, 2, 963, 3, 906, 1, 930, 1, 610, 2)
[1706495067] ITEM_REMOVE | 220, (775, 2, 688, 1, 678, 3, 385, 1)
[1706495224] ITEM_ADD | 790, (874, 7, 199, 1, 321, 3, 147, 8)
[1706495243] ITEM_REMOVE | 122, (406, 3, 632, 2, 779, 1, 976, 2, 201, 2)
[1706495809] ITEM_REMOVE | 213, (155, 1, 866, 3, 304, 3, 904, 3, 69, 2)
[1706502988] ITEM_REMOVE | 801, (926, 1, 630, 2)
[1706510866] ITEM_ADD | 502, (726, 5, 874, 7)
[1706516264] ITEM_ADD | 293, (976, 2, 852, 8, 348, 8)
[1706516652] ITEM_ADD | 278, (659, 10, 751, 1, 268, 6, 677, 7)
[1706519343] ITEM_REMOVE | 4, (778, 3, 933, 1, 395, 2, 71, 1, 864, 2)
[1706523021] ITEM_ADD | 585, (998, 3, 876, 7)
[1706523160] ITEM_REMOVE | 927, (646, 1, 430, 2, 943, 1, 871, 3)
[1706526172] ITEM_ADD | 589, (690, 10, 78, 9, 181, 1, 271, 10)
[1706533079] ITEM_ADD | 496, (490, 9, 614, 5, 745, 6, 434, 2)
[1706536300] ITEM_REMOVE | 270, (682, 2, 610, 3, 445, 2)
[1706536545] ITEM_ADD | 420, (150, 7, 262, 9, 237, 8, 470, 10, 657, 5)
[1706537613] ITEM_ADD | 117, (349, 4)
[1706538157] ITEM_REMOVE | 976, (345, 1)
[1706538694] ITEM_ADD | 825, (910, 7, 217, 5, 534, 6, 378, 1, 865, 6)
[1706541756] ITEM_ADD | 820, (346, 3)
[1706542982] ITEM_ADD | 340, (750, 1, 895, 7, 368, 10)
[1706545190] ITEM_REMOVE | 512, (123, 2)
[1706546864] ITEM_ADD | 285, (416, 10, 533, 8, 457, 2, 866, 7, 321, 4)
[1706548814] ITEM_ADD | 586, (950, 9, 281, 5, 513, 6, 647, 6, 170, 3)
[1706550820] ITEM_REMOVE | 691, (953, 3, 135, 2, 825, 3)
[1706552513] ITEM_ADD | 83, (899, 10, 656, 4, 549, 7)
[1706556623] ITEM_ADD | 977, (527, 10, 464, 5, 921, 9, 369, 7, 164, 1)
[1706557795] ITEM_REMOVE | 273, (816, 1, 936, 1, 140, 3, 564, 2)
[1706557922] ITEM_REMOVE | 77, (932, 1, 222, 1, 807, 1, 547, 3, 619, 1)
[1706561776] ITEM_ADD | 768, (185, 2, 881, 6, 936, 5)
[1706563439] ITEM_ADD | 74, (997, 6, 516, 9, 769, 8, 486, 6)
[1706565309] ITEM_ADD | 688, (106, 4, 332, 8, 455, 8, 42, 9)
[1706569271] ITEM_ADD | 337, (555, 5, 278, 4, 405, 5)
[1706570551] ITEM_REMOVE | 214, (934, 2)
[1706575311] ITEM_REMOVE | 672, (713, 2)
[1706577532] ITEM_REMOVE | 864, (536, 3, 44, 1)
[1706579062] ITEM_REMOVE | 677, (779, 3, 129, 1, 425, 1)
[1706579639] ITEM_REMOVE | 151, (858, 3, 768, 3, 562, 1)
[1706580831] ITEM_REMOVE | 331, (228, 3)
[1706585262] ITEM_REMOVE | 577, (606, 2, 467, 1, 413, 1)
[1706586629] ITEM_REMOVE | 251, (780, 3, 823, 1)
[1706591182] ITEM_ADD | 29, (360, 5, 29, 8)
[1706591354] ITEM_ADD | 274, (290, 7)
[1706593378] ITEM_REMOVE | 560, (420, 3, 944, 1, 351, 1, 278, 3)
[1706597529] ITEM_ADD | 283, (633, 9, 446, 6, 331, 9)
[1706603506] ITEM_ADD | 850, (733, 9, 694, 8, 721, 9, 174, 6, 822, 8)
[1706610312] ITEM_ADD | 180, (990, 2, 91, 8, 371, 5, 409, 8, 524, 3)
[1706611072] ITEM_ADD | 539, (155, 9, 736, 3)
[1706614724] ITEM_REMOVE | 117, (926, 1, 433, 1)
[1706617094] ITEM_ADD | 363, (75, 6)
[1706618352] ITEM_ADD | 163, (715, 3, 281, 6, 792, 8)
[1706618428] ITEM_ADD | 115, (430, 6, 345, 5)
[1706619426] ITEM_ADD | 43, (758, 5)
[1706626585] ITEM_ADD | 78, (759, 8, 363, 8, 847, 3, 211, 6)
[1706631271] ITEM_ADD | 897, (763, 7, 500, 8, 934, 10)
[1706632352] ITEM_REMOVE | 284, (501, 3)
[1706635455] ITEM_ADD | 356, (195, 3, 31, 2, 741, 6, 139, 5, 36, 7)
[1706635534] ITEM_REMOVE | 139, (770, 1, 378, 3, 204, 3, 356, 1, 393, 2)
[1706639052] ITEM_REMOVE | 110, (275, 1)
